[38.917237, -77.027395]
[38.917237, -77.027395]
[38.91721, -77.0267379]
[38.919963, -77.0256689]
[38.9174766, -77.0242075]
[38.9174241, -77.0242749]
[38.917745, -77.0242749]
[38.914628, -77.025509]
[38.9161534, -77.0237689]
[38.9159969, -77.0227342]
None
[38.9230098, -77.0436958]
[38.92169490000001, -77.0427062]
[38.9211619, -77.0424347]
[38.9194505, -77.0418576]
[38.9180193, -77.0418629]
[38.9210805, -77.04109319999999]
[38.9236963, -77.0357119]
[38.924023, -77.042244]
[38.924686, -77.0400526]
[38.924991, -77.0427179]
[38.9267799, -77.0414581]
[38.929393, -77.036839]
[38.929424, -77.040049]
[38.9303023, -77.0406172]
[38.9298799, -77.04013119999999]
[38.9325698, -77.04630449999999]
[38.93272, -77.0400339]
[38.919982, -77.033405]
[38.922863, -77.03335299999999]
[38.93183, -77.033951]
[38.9318591, -77.03326179999999]
[38.9360406, -77.0329455]
[38.9349808, -77.0323495]
[38.9345953, -77.0270452]
[38.9340693, -77.0265692]
[38.9336257, -77.0276654]
[38.9331306, -77.0299879]
[38.9334843, -77.032417]
[38.9323257, -77.0317271]
[38.931979, -77.0324957]
None
[38.931816, -77.02739690000001]
[38.92997099999999, -77.0313369]
None
None
[38.924949, -77.0267941]
None
None
[38.924037, -77.027892]
[38.9240282, -77.02627679999999]
[38.923711, -77.025953]
[38.922672, -77.027247]
[38.918346, -77.024092]
None
None
[38.9209261, -77.0246461]
None
[38.9253695, -77.0229591]
None
[38.925662, -77.025001]
None
[38.93055500000001, -77.023854]
None
None
None
[38.9343638, -77.0254446]
[38.9296409, -77.02373]
[38.9356561, -77.02231809999999]
[38.9350659, -77.0238475]
[38.935297, -77.0198769]
[38.9353586, -77.0209235]
None
[38.9338132, -77.0206299]
[38.933887, -77.019335]
[38.933639, -77.0209685]
None
[38.933169, -77.02284499999999]
None
[38.93151, -77.0204062]
None
[38.9288602, -77.01875179999999]
None
None
None
None
None
None
None
None
None
None
None
None
None
None
[38.9120564, -77.03934319999999]
[38.9153054, -77.035387]
[38.9150289, -77.033795]
[38.9131752, -77.0324047]
[38.911387, -77.03062]
[38.9124728, -77.0299904]
[38.9094679, -77.0283563]
None
[38.9087919, -77.0241497]
[38.9006585, -77.0208602]
[38.900566, -77.020769]
None
[38.9006513, -77.0204399]
[38.899974, -77.018168]
[38.898732, -77.015526]
[38.9035297, -77.0609324]
[38.9057718, -77.0676781]
[38.9062787, -77.06263]
[38.90829, -77.0640129]
[38.9085685, -77.0641703]
[38.9078725, -77.0695891]
[38.908949, -77.067611]
[38.909563, -77.064978]
[38.9086582, -77.0568444]
[38.9093961, -77.0640354]
[38.91144, -77.0621354]
None
[38.9151836, -77.07189369999999]
[38.9151451, -77.0744119]
[38.9165472, -77.0572334]
[38.920437, -77.075752]
[38.91127300000001, -77.0809869]
None
[38.9084352, -77.08910379999999]
[38.9317255, -77.104221]
[38.947306, -77.0954094]
[38.9397787, -77.0923072]
[38.9436523, -77.0954656]
[38.9438355, -77.0934312]
[38.9553978, -77.0893286]
[38.951276, -77.081304]
[38.92439, -77.079765]
[38.9593123, -77.07193869999999]
[38.9485564, -77.0740072]
[38.9442873, -77.0702749]
[38.9438084, -77.071815]
[38.9248528, -77.07117420000002]
[38.947302, -77.069262]
[38.950904, -77.0708932]
[38.956453, -77.070302]
[38.9638412, -77.07093809999999]
[38.9601088, -77.06662109999999]
[38.9374589, -77.06617039999999]
[38.934551, -77.0582228]
[38.9327275, -77.0666324]
[38.9250165, -77.0619105]
[38.9426755, -77.062259]
[38.9529342, -77.0629898]
[38.9699752, -77.0629898]
None
[38.9766666, -77.0540403]
None
[38.9401054, -77.0329793]
[38.9420731, -77.03416]
[38.9421, -77.034072]
[38.9431474, -77.0355095]
None
None
[38.9463529, -77.0329905]
[38.9484555, -77.03492469999999]
None
None
[38.967775, -77.03591]
[38.9701265, -77.0347448]
None
None
[38.9652695, -77.0326419]
None
[38.9543325, -77.0326307]
None
[38.9543152, -77.0306964]
[38.94048799999999, -77.031947]
None
None
None
[38.937302, -77.0299879]
None
[38.93957, -77.02815799999999]
None
[38.9400369, -77.028454]
[38.9398861, -77.027121]
[38.94118, -77.02557890000001]
None
None
None
[38.9568294, -77.0138398]
None
[38.962218, -77.0294119]
None
None
[38.96473719999999, -77.0246236]
[38.9635746, -77.0246236]
[38.9612381, -77.0277275]
None
None
[38.955408, -77.0276713]
None
None
[38.9500062, -77.0247473]
[38.948517, -77.0243424]
None
[38.946912, -77.02388499999999]
None
None
[38.942677, -77.02472999999999]
None
[38.9421231, -77.0253433]
None
None
[38.9367078, -77.02346519999999]
None
[38.9414625, -77.0231278]
None
[38.9521652, -77.02362269999999]
[38.9540044, -77.02339769999999]
None
None
[38.966321, -77.021537]
[38.9669943, -77.0222393]
[38.9560401, -77.02207059999999]
[38.955644, -77.021627]
[38.955671, -77.020675]
[38.955031, -77.02087999999999]
None
[38.938047, -77.02035699999999]
[38.9386515, -77.02056069999999]
[38.937402, -77.019978]
[38.9449189, -77.01910149999999]
[38.9449791, -77.01910149999999]
[38.956169, -77.018655]
None
[38.95479, -77.01747069999999]
[38.9520108, -77.0165597]
[38.941485, -77.01514259999999]
[38.9531472, -77.0138111]
[38.954743, -77.01529099999999]
[38.956127, -77.01576899999999]
[38.9568, -77.014411]
[38.961522, -77.014066]
[38.9671385, -77.0139166]
[38.968813, -77.0145465]
[38.9697948, -77.00983380000001]
None
[38.95853899999999, -77.0101825]
[38.9561093, -77.0118359]
[38.9560211, -77.033717]
[38.955517, -77.00707899999999]
[38.9594591, -77.0087428]
[38.9646015, -77.0024439]
[38.9607928, -76.99809069999999]
[38.9581654, -76.9971908]
[38.9574517, -76.99584089999999]
[38.9574486, -76.9970558]
[38.9890031, -77.04576469999999]
[38.9373292, -77.0329905]
[38.9549559, -77.02997669999999]
[38.950649, -77.02432499999999]
None
None
None
[38.9108749, -77.0145256]
[38.9110143, -77.0126836]
None
[38.906337, -77.013109]
[38.910856, -77.01042699999999]
None
[38.908362, -77.0102241]
None
None
None
None
[38.9161315, -77.0128032]
None
None
None
[38.920989, -77.010818]
[38.9211695, -77.01238699999999]
[38.920839, -77.013094]
[38.921618, -77.01089390000001]
None
[38.9279947, -77.00839599999999]
[38.9264843, -77.00784399999999]
None
None
None
None
None
None
None
None
[38.9168199, -77.00609949999999]
[38.9172016, -77.0043985]
[38.917716, -77.00497469999999]
[38.9232473, -77.0033325]
[38.9232726, -77.0025789]
None
[38.9240707, -76.9987206]
None
[38.925839, -77.0004216]
None
None
None
None
[38.9557848, -76.9970558]
[38.9561476, -76.995121]
[38.9559554, -76.9923537]
None
[38.9517321, -76.99667339999999]
[38.9501919, -76.99563839999999]
[38.9499273, -76.994716]
[38.9496004, -76.9981244]
[38.94239, -76.9937829]
[38.9411011, -76.9968083]
[38.940559, -76.9954697]
[38.9246668, -76.9931637]
[38.9238889, -76.9926687]
[38.9230707, -76.99119499999999]
[38.9426874, -76.99087999999999]
None
None
[38.941407, -76.9894851]
[38.9359926, -76.9891251]
[38.9278412, -76.9893951]
[38.9213199, -76.9870547]
[38.9279283, -76.9873252]
[38.930585, -76.9870552]
[38.9409359, -76.9863802]
[38.9434691, -76.9875052]
[38.9440669, -76.985964]
[38.9508785, -76.9853002]
None
[38.920859, -76.984261]
[38.9124914, -76.9895585]
[38.911702, -76.984855]
[38.911865, -76.984464]
[38.9122038, -76.9867064]
[38.9104323, -76.98618979999999]
[38.9087165, -76.9846927]
[38.9093387, -76.98327520000001]
[38.9092308, -76.98400649999999]
[38.9092811, -76.98409649999999]
[38.9098399, -76.9854915]
[38.90758, -76.983971]
[38.9076008, -76.986268]
None
[38.9067601, -76.9860202]
[38.9049996, -76.986684]
[38.9057041, -76.9867064]
None
[38.9057545, -76.985199]
[38.903172, -76.98408599999999]
[38.9035865, -76.9857166]
None
[38.904986, -76.98791899999999]
[38.9055243, -76.98884389999999]
[38.9048012, -76.9918586]
[38.9027856, -76.98697659999999]
None
[38.9012954, -76.984974]
[38.908135, -76.987504]
[38.905039, -76.981516]
[38.9045459, -76.981959]
[38.90612309999999, -76.98348899999999]
[38.9060914, -76.98036069999999]
[38.906011, -76.9803249]
[38.9220881, -76.9753999]
None
[38.91984009999999, -76.9813289]
[38.9195568, -76.98290399999999]
[38.9293365, -76.98062019999999]
[38.9307905, -76.98071019999999]
None
[38.9351787, -76.9809464]
[38.9403912, -76.98040639999999]
[38.9435941, -76.98116019999999]
[38.9275365, -76.97747000000001]
None
[38.9310007, -76.97440979999999]
None
None
None
None
None
None
None
None
[38.9324505, -76.96630890000002]
[38.9290804, -76.9684242]
None
None
None
None
[38.92313, -76.95853]
[38.9282072, -76.9582082]
None
[38.9258484, -76.96237239999999]
None
None
None
None
None
None
None
[38.9053288, -76.9751299]
None
[38.903915, -76.9770209]
[38.903915, -76.978053]
[38.9038885, -76.9784489]
None
[38.9019112, -76.9768398]
[38.902228, -76.9775152]
[38.900398, -76.974492]
[38.9008183, -76.9748936]
[38.900398, -76.974492]
[38.9013679, -76.9759399]
None
None
[38.9000525, -76.97592890000001]
[38.8993173, -76.9772337]
[38.899976, -76.977153]
None
[38.9384685, -76.9794501]
[38.912348, -77.00697199999999]
None
None
[38.9131645, -77.0179594]
None
None
None
[38.905476, -77.015997]
None
None
[38.906419, -77.01074000000001]
[38.902208, -77.0108]
[38.8723207, -77.0100813]
[38.9066606, -77.0062908]
None
[38.8999886, -77.0007679]
[38.896366, -77.00151799999999]
[38.9042138, -77.0003404]
[38.9047874, -76.99973299999999]
[38.9035036, -76.99973299999999]
[38.90332009999999, -76.99971049999999]
[38.902806, -77.00008729999999]
[38.905381, -76.998835]
[38.9029664, -76.9986194]
[38.90044, -76.9989006]
[38.8810691, -76.9987544]
[38.901504, -76.9974833]
[38.9041165, -76.995211]
None
[38.9004046, -76.9956113]
[38.9007581, -76.9959205]
None
None
[38.8911237, -76.9953797]
[38.9030728, -76.99397540000001]
None
[38.89873070000001, -76.99424359999999]
None
[38.900435, -76.993034]
[38.888114, -76.993528]
[38.8866202, -76.9928149]
[38.8814819, -76.9932536]
[38.902798, -76.9920612]
[38.893754, -76.992436]
None
[38.881463, -76.9921962]
[38.8999073, -76.9909813]
[38.9022917, -76.99005609999999]
[38.9009746, -76.9899767]
[38.9008875, -76.9898001]
[38.900839, -76.989975]
[38.9004168, -76.9860765]
[38.8992259, -76.9863689]
[38.899932, -76.985838]
[38.8928368, -76.98735889999999]
[38.8925962, -76.9857615]
[38.8799695, -76.98803389999999]
[38.8965718, -76.98418649999999]
None
[38.8795503, -76.9843223]
None
[38.883863, -76.98319099999999]
None
None
[38.886759, -76.98164799999999]
[38.890718, -76.98183519999999]
[38.88842, -76.9793679]
None
[38.8877975, -76.97801]
None
[38.892457, -76.975488]
[38.89878789999999, -76.9819589]
None
[38.8980991, -76.97684]
None
None
[38.8980572, -76.9813514]
[38.89527229999999, -76.9816558]
[38.884364, -76.979778]
None
None
[38.8940258, -76.9774588]
None
[38.894602, -76.98037599999999]
None
None
None
[38.885437, -76.960275]
None
None
[38.8965584, -76.9763449]
None
[38.89580979999999, -76.9763787]
[38.8918152, -76.95862369999999]
[38.8914604, -76.9579711]
[38.8910208, -76.9604691]
None
[38.8930627, -76.9577685]
[38.8922034, -76.9583312]
None
[38.892232, -76.95943799999999]
[38.8922613, -76.9599065]
None
None
[38.89300619999999, -76.9599298]
None
[38.8950422, -76.9572623]
None
[38.8952219, -76.955705]
[38.895215, -76.955635]
[38.8937264, -76.95725089999999]
[38.8944222, -76.9550678]
[38.8915199, -76.9533575]
None
None
[38.8905256, -76.955563]
[38.8926904, -76.9534]
[38.8916885, -76.9474946]
[38.891599, -76.949703]
[38.8911076, -76.9480348]
[38.9048531, -76.9443436]
[38.8981634, -76.94399469999999]
[38.8927869, -76.9447938]
[38.8944582, -76.9400671]
[38.8944582, -76.9400671]
[38.8973233, -76.9413613]
[38.8969145, -76.93943689999999]
[38.8995219, -76.9423517]
None
[38.9016848, -76.93727609999999]
[38.9008087, -76.9368034]
[38.9008841, -76.9367415]
[38.8998846, -76.93876019999999]
[38.8992359, -76.9384128]
[38.8988909, -76.937051]
[38.898153, -76.9373549]
None
[38.89693, -76.937096]
[38.8964456, -76.9375124]
[38.8963596, -76.93525029999999]
[38.8965521, -76.9362407]
[38.8927651, -76.93610559999999]
[38.8930328, -76.937051]
[38.89045, -76.9351779]
[38.8915264, -76.9336746]
[38.8913036, -76.93463179999999]
[38.8920757, -76.9343612]
[38.8924048, -76.93460879999999]
None
[38.8950837, -76.9342599]
[38.8980937, -76.9364551]
[38.8981509, -76.9362744]
[38.9012953, -76.9349914]
[38.9005345, -76.9363307]
[38.9004769, -76.9351152]
None
[38.9016488, -76.9349239]
[38.9022159, -76.93453]
[38.904546, -76.933448]
[38.9050089, -76.9368709]
[38.905126, -76.93697499999999]
[38.90556979999999, -76.93403479999999]
[38.9057981, -76.9371973]
[38.9058926, -76.9330781]
[38.9065122, -76.9357117]
[38.9062467, -76.93398979999999]
[38.9067212, -76.9349014]
None
[38.9079628, -76.9290489]
[38.908027, -76.93141]
[38.9053596, -76.92935279999999]
[38.9055843, -76.92885749999999]
[38.904477, -76.92935279999999]
[38.9044705, -76.93044450000001]
[38.90295520000001, -76.9258411]
[38.903358, -76.925676]
[38.903061, -76.93061399999999]
[38.902105, -76.93068000000001]
[38.902748, -76.930238]
None
[38.902278, -76.931187]
[38.9007704, -76.9275378]
None
[38.9011953, -76.9283623]
None
None
[38.8978216, -76.9315137]
None
[38.8992166, -76.9276307]
None
[38.9027502, -76.9243053]
None
None
None
None
[38.9062793, -76.9279121]
None
[38.9012348, -76.92155269999999]
[38.90147839999999, -76.9217553]
None
None
[38.899284, -76.923096]
[38.8992375, -76.9244567]
None
None
None
None
[38.8946893, -76.92715799999999]
[38.893331, -76.926799]
None
[38.8914625, -76.92630260000001]
None
None
None
None
None
None
[38.89362819999999, -76.9193128]
None
[38.891277, -76.9198081]
[38.8929058, -76.9209899]
None
[38.8928165, -76.92144019999999]
None
[38.896758, -76.9161419]
[38.8950778, -76.9147653]
[38.8947361, -76.9173205]
[38.8938249, -76.9175118]
[38.8940998, -76.912514]
[38.8941683, -76.9117035]
None
None
None
[38.89212, -76.91333]
[38.8926643, -76.9131219]
[38.88825, -76.9169019]
None
[38.889425, -76.924037]
[38.8879192, -76.9253121]
[38.88831320000001, -76.9254247]
[38.8886671, -76.9255372]
None
None
None
[38.88584, -76.920344]
[38.8846915, -76.92056219999999]
[38.8854719, -76.9219579]
None
[38.8850778, -76.91998819999999]
[38.8853768, -76.9232411]
[38.8846894, -76.9219579]
[38.8837705, -76.9233199]
[38.8822875, -76.9252336]
[38.8826046, -76.9247156]
[38.88401, -76.9245679]
[38.88578589999999, -76.9251658]
[38.886278, -76.92371299999999]
[38.8861266, -76.92498570000001]
[38.8877139, -76.9266853]
[38.8866753, -76.9259312]
[38.8839998, -76.9274619]
[38.8819611, -76.92770949999999]
[38.885338, -76.92935279999999]
[38.888082, -76.929023]
[38.8879646, -76.9284523]
[38.8876844, -76.9312886]
[38.887629, -76.9311536]
[38.8781725, -76.9309285]
[38.878309, -76.9295666]
[38.8793561, -76.9307484]
[38.8791533, -76.9296679]
[38.88742490000001, -76.9343889]
[38.887391, -76.9350702]
[38.8881603, -76.9336469]
[38.8883859, -76.9340235]
[38.8889064, -76.93472129999999]
[38.8876887, -76.9340685]
None
[38.887854, -76.9339335]
[38.8877854, -76.93925680000001]
[38.8863563, -76.9369159]
[38.8863461, -76.9368259]
[38.8784877, -76.93299929999999]
[38.8771274, -76.9325956]
[38.8773647, -76.9315025]
[38.8758198, -76.9329206]
[38.875846, -76.93412479999999]
[38.867723, -76.94229]
[38.868396, -76.94120500000001]
[38.868141, -76.945094]
None
[38.866032, -76.9441298]
None
[38.8751342, -76.937051]
[38.878436, -76.942711]
None
[38.8810974, -76.9439835]
[38.88060249999999, -76.94289189999999]
[38.8809283, -76.9427568]
[38.8812566, -76.94122630000001]
[38.880377, -76.940213]
[38.8822565, -76.9420816]
None
[38.8855143, -76.943207]
[38.8891658, -76.9532112]
[38.88733819999999, -76.9580603]
[38.897846, -76.97209400000001]
None
None
[38.885437, -76.960275]
None
None
None
[38.8830854, -76.9587025]
None
None
None
None
None
[38.879596, -76.96338500000002]
[38.8796423, -76.9637434]
[38.8787413, -76.9650037]
[38.876434, -76.960943]
None
[38.8781979, -76.9633046]
None
None
[38.8750283, -76.95595689999999]
None
None
[38.8664679, -76.94797849999999]
None
[38.8724326, -76.95501159999999]
None
[38.8686514, -76.95698089999999]
[38.87321499999999, -76.95846619999999]
[38.8730278, -76.9627533]
[38.8715848, -76.965398]
None
None
None
None
None
[38.8734573, -76.9732059]
None
[38.872196, -76.968434]
None
None
[38.8703894, -76.96560000000001]
[38.870212, -76.96861799999999]
None
[38.8621046, -76.9634284]
[38.8631098, -76.9552817]
[38.8613048, -76.9591976]
[38.8598625, -76.9521309]
[38.8585618, -76.9605029]
[38.858789, -76.959834]
[38.8584965, -76.9574422]
[38.8577378, -76.95996269999999]
None
None
None
[38.8730369, -76.97357199999999]
[38.871338, -76.981639]
[38.8718081, -76.9776163]
[38.871058, -76.97693699999999]
[38.8716915, -76.97214249999999]
[38.872119, -76.9717545]
[38.869997, -76.972385]
[38.86963799999999, -76.9735997]
[38.870208, -76.977797]
[38.8699422, -76.9781563]
[38.869964, -76.97831099999999]
[38.869696, -76.979602]
[38.8689919, -76.985966]
[38.8686644, -76.985867]
[38.8687058, -76.9845352]
[38.8684018, -76.9825552]
None
[38.866915, -76.983244]
[38.8685277, -76.9819814]
[38.86866819999999, -76.9819814]
[38.869249, -76.981584]
[38.86927, -76.98119299999999]
[38.869017, -76.981584]
None
[38.86768, -76.98051889999999]
[38.8686238, -76.9799001]
[38.867138, -76.978707]
[38.8650779, -76.976585]
None
[38.869241, -76.9755969]
[38.8691942, -76.9721596]
[38.845959, -76.96991]
[38.846637, -76.9706243]
None
None
[38.8547312, -76.96603879999999]
[38.8544801, -76.9659488]
[38.855346, -76.967569]
[38.855616, -76.96952399999999]
[38.8556705, -76.9697293]
[38.857931, -76.96857899999999]
[38.8598796, -76.9686042]
[38.8618774, -76.9813964]
[38.8632721, -76.98192519999999]
None
None
[38.8654588, -76.9818239]
None
[38.8668448, -76.9886751]
None
None
[38.86426, -76.9822289]
[38.8644403, -76.9864027]
[38.8649119, -76.98746799999999]
[38.8638364, -76.99163380000002]
[38.863082, -76.986533]
None
None
None
None
None
[38.8624422, -76.9877302]
[38.862741, -76.991024]
None
None
None
None
None
None
[38.8606925, -76.9845915]
[38.85547500000001, -76.9780509]
[38.8556144, -76.9791801]
[38.856889, -76.97988889999999]
None
[38.8539473, -76.97029189999999]
None
None
None
[38.859799, -76.9966846]
[38.8595133, -76.9969996]
[38.8593278, -76.9971346]
None
None
None
None
None
None
None
None
None
None
[38.8498037, -76.97439849999999]
[38.8458363, -76.9714508]
None
None
[38.8451345, -76.9737685]
None
None
None
None
[38.834364, -76.986639]
None
None
[38.8337572, -76.9894964]
None
None
[38.8427847, -76.9897663]
[38.8427971, -76.9896988]
[38.8427468, -76.9925449]
None
None
None
None
None
[38.8402257, -76.9958297]
[38.8395673, -76.99631339999999]
[38.83961720000001, -76.99408609999999]
None
None
None
[38.845363, -76.99964299999999]
None
[38.8435192, -77.00108279999999]
[38.8470385, -77.003265]
None
[38.8478593, -77.0022639]
None
None
[38.8490486, -77.00506469999999]
[38.8455319, -77.0007679]
None
[38.8427, -77.0035237]
[38.840855, -77.005668]
[38.8402828, -77.0059533]
[38.832989, -77.00636949999999]
[38.8341871, -77.0056834]
[38.8332086, -76.99442359999999]
[38.8343, -76.99804569999999]
[38.8346082, -76.9975733]
[38.8321981, -77.0051435]
[38.8322032, -77.0051884]
[38.8328396, -77.0040636]
None
[38.8338927, -77.0073481]
[38.8329563, -77.00973259999999]
[38.8318006, -77.0044686]
[38.8318168, -76.9936586]
None
[38.8299646, -76.9921964]
[38.8305384, -76.9908002]
[38.8294328, -76.99771950000002]
[38.829415, -76.9996993]
[38.830686, -76.999884]
[38.8306181, -77.0126007]
[38.828075, -77.011051]
[38.8248553, -76.9985406]
[38.827227, -77.011059]
[38.827227, -77.01008999999999]
[38.8268699, -77.010672]
[38.8268084, -77.0094514]
[38.826783, -77.0092264]
[38.8262288, -77.00983380000001]
[38.8250064, -77.0090577]
[38.82538510000001, -77.00983380000001]
[38.8255361, -76.9967408]
[38.824987, -76.996793]
[38.8213476, -77.0065382]
[38.8430869, -76.99653839999999]
[38.8716915, -76.97214249999999]
